72090
71821
72245
72144
72155
72276
72189
72200
72167
72196
72209
72214
72170
72228
72145
72269
72160
72197
72454
72533
72551
72618
72619
72094
72226
72181
72177
72076
72073
72136
72066
72210
72250
72091
72096
72072
72288
72180
63451
72067
72132
72122
72131
72118
72164
72156
72225
72212
72224
72650
72039
72036
72684
72208
72222
72280
72083
72199
72542
72561
72218
72574
72237
72125
72192
68520
72569
72604
72612
72253
72631
72674
72651
72686
72687
72654
72688
71327
72426
72555
72292
72297
70998
72012
72262
72352
72453
72549
72575
72609
72474
72689
72242
72416
72309
72316
72317
72319
72325
72248
72315
72376
72644
72392
72408
72393
72391
70673
72390
69836
72409
72389
72398
72513
72514
72432
72468
72762
72423
72351
72455
72731
68601
72429
72377
72446
72341
72819
72406
72830
72287
72729
72738
72461
72349
72356
72081
72300
72439
72829
72335
72668
71731
69962
72443
72450
72456
72215
72348
72263
72629
72469
72562
72471
72321
72314
72586
72204
72394
72346
72418
72374
72383
72401
72362
72302
72279
72485
71162
72387
72386
72682
72658
72472
72473
72451
72368
72412
72459
72641
72698
72605
72922
72174
72920
72919
72888
72599
72923
72784
72635
72699
72811
72730
72693
72856
72665
72652
72648
72752
72808
72812
72852
72842
72331
72332
72334
72803
72776
72878
72981
72813
72931
72757
72636
72758
72663
72582
72602
72678
72679
72649
72694
72726
72779
72661
72831
72558
72615
72786
72846
72816
72421
72705
72625
72647
73073
72597
72590
72601
72669
72539
72541
72606
72411
72685
72691
72547
72213
72722
72712
72486
72448
72563
72935
72467
72781
72797
72800
72308
72211
72930
72967
72637
72399
72162
72725
72715
72706
73063
72230
72806
72900
73197
72861
72788
72424
73009
72904
72123
72903
72940
72640
72396
72915
72833
72979
72589
72937
72924
72953
72976
72867
73131
72384
72879
73239
73222
73231
73101
72999
73175
72741
72857
72596
72956
72947
72807
72428
73125
72824
72921
72972
72973
72818
73182
72927
72943
72883
72734
72733
72783
72836
72620
73130
72789
73278
72713
72825
72754
72835
73041
70125
72683
73184
72854
72859
72751
72881
72865
72949
72899
73129
72958
72621
73008
73059
73007
73191
73014
73285
73054
72801
73261
73036
72863
72987
73001
73208
73066
72796
72802
72855
73286
72968
72911
72985
73000
72952
72809
73188
73087
73189
73176
73214
73062
73206
73445
73375
73111
73156
73202
73124
73262
73103
73196
73151
73341
72917
73029
73136
73135
73457
73115
73119
73203
73279
73147
73342
73070
70855
73215
73252
73476
73225
72902
73209
73219
73524
73541
73542
72988
73167
73118
73168
70469
73171
73021
72885
70363
72735
72963
72969
73027
72851
72916
72897
73590
73617
73594
72971
73098
73122
73123
73563
73508
72982
73006
71222
71216
73312
73441
73680
73339
73677
73230
73325
73332
73216
73292
73300
73588
73652
73340
73470
73318
73316
73526
73579
73486
73374
73420
73160
73598
73522
73343
73429
73626
73254
72129
73428
73569
73370
73263
73462
72628
73298
73721
73478
73562
73387
73309
73329
73568
73377
87337
73416
73561
73276
73330
73528
73146
73110
73488
73753
73597
73640
73521
73489
73039
73581
73436
73538
73376
73272
73572
73573
73149
73306
73307
73164
73165
73237
73451
73396
73218
73217
73427
73361
73221
73166
73064
73058
73360
71907
73079
73371
72723
73042
73043
73044
73490
73559
71528
73357
73408
73551
73368
73338
73050
73722
73967
73962
73778
73483
73582
73584
73434
73543
73288
73362
73422
73391
73567
73560
73413
73550
73549
74011
73431
73725
73554
73792
73763
73623
73689
73796
73809
73629
73346
73638
73090
73757
73682
73724
73553
73603
73460
73646
73685
73943
73931
73934
73687
73679
73458
73732
73702
73843
73117
73810
73704
72256
72714
73150
73960
73726
73746
73771
73968
73717
73716
73715
73768
73776
73795
73681
73466
73800
74034
74048
73650
73319
73354
73616
73367
69938
73317
73527
74125
74106
74156
73821
73537
74001
73765
74078
73781
73708
73945
73484
72991
74008
74060
74084
74146
74145
74046
73194
73618
73589
73233
73235
73723
73879
73691
73385
73868
73764
73785
73575
73697
72278
73804
73779
73886
73766
73750
73878
74016
73438
73900
73834
73958
73817
73774
73605
73607
74096
74128
74130
74039
74047
74115
73916
73455
73409
73290
73850
74005
73407
74195
74180
73925
74027
74028
73619
72290
73645
74024
72018
73824
73975
73944
73600
73639
74173
73835
73308
73474
73933
73959
73641
73283
73599
74193
73909
74051
73876
73758
73739
73813
74166
73845
73823
73847
73783
74154
74345
74346
74307
73485
73986
74118
73907
73920
74126
74262
73921
73889
73898
73899
73627
73928
73297
74242
73841
74271
74109
74121
73831
73812
73634
73760
74222
73862
73808
74127
74168
73844
73707
73852
73930
73482
73950
74317
73942
73932
73923
74311
74237
74211
74075
74004
74002
74240
74069
74302
74216
74269
74273
73951
74377
74148
74147
74124
74330
74239
74337
74153
74370
74204
74181
74056
74189
74324
74304
74057
73988
74305
74412
74379
74265
74335
74428
73481
73210
73913
74187
74107
74176
74375
74349
73828
74407
74380
74035
73927
74418
74202
74414
74217
73891
73982
74382
73893
73922
74192
74032
74272
74068
74095
74030
74219
73773
73989
74179
73728
74054
73857
74207
74210
73985
72990
73949
73454
74198
74132
74572
73892
74131
73887
74022
74136
74152
74361
74504
74507
74274
74266
74318
74371
74288
73978
70260
74432
74365
74329
74334
74486
74261
74279
74295
74427
74426
74468
74539
74389
74387
74443
74439
74341
74482
74416
74167
74358
74323
73890
74471
74359
74243
74639
74157
74388
74277
73995
74467
74431
74374
74445
73917
74286
74208
74175
74134
74066
74369
74203
73999
74083
74086
74447
74448
74564
74823
74766
74881
74882
74883
74547
74646
74459
74514
73894
74466
74533
74255
74655
74050
73698
74618
74668
74664
74632
74651
74652
74491
74437
74505
74661
74743
74517
74498
74571
74301
74892
74554
74545
74455
74458
74879
74773
74513
74787
74314
74735
73076
74670
74581
74567
74464
74320
75011
74516
74667
74968
74578
74532
74355
74633
74722
74777
74536
74710
74983
74541
74102
75087
74718
74716
74624
74550
74473
74492
74549
74588
74395
74555
74556
74579
74712
74682
74348
74758
74728
74923
74523
74671
74678
74880
74524
74626
74308
74691
74751
74662
74642
74609
74362
74902
74909
74912
74917
74914
74919
74784
74771
74537
74440
74992
74985
73994
74689
75057
74657
74568
74629
74635
74620
74926
74531
74636
74713
74546
74593
74938
74643
73987
74977
75001
74958
75024
74818
75203
75170
74736
75276
75049
75102
74886
74477
74986
74151
75045
74897
75025
74596
74429
74364
74969
75094
75028
75093
74165
75277
75231
74602
75174
74719
74129
74790
74076
74789
74770
74565
74701
74699
73304
74558
75279
75283
74715
75113
74720
75010
74935
74887
74238
74964
74294
75062
74603
74476
74905
74465
75041
74742
75092
74996
74939
75225
74631
74994
75034
73906
75044
75017
74999
74911
74901
74916
74961
74944
74910
74908
74915
74141
74091
74752
74299
75042
74746
74158
74970
74913
74966
75262
75259
75118
75117
75145
75110
75382
75540
75204
75520
75109
75266
75272
75234
75200
75029
75187
74734
75088
75112
72703
74957
74949
75347
75457
75549
74052
75007
67134
73946
75008
74956
75647
74062
74350
74962
75150
75146
74332
75182
75189
75246
74021
75103
73924
75252
74929
74979
74954
74508
75069
75531
75081
75121
75122
75358
75508
75387
75282
75247
75305
75114
75120
74974
75254
75312
75253
75177
75383
75575
74656
75208
75343
75229
75226
69481
75273
75131
75267
75255
74825
75381
75315
75314
75748
75633
75076
75303
75363
74931
75149
75163
74820
75224
75166
75274
75488
75309
75384
75271
75311
74733
75240
75757
75155
75275
74972
74940
74647
75219
75202
75201
75026
75365
75369
75521
74731
74732
75474
72403
75019
75755
74172
75357
75789
75740
75738
75461
75356
75483
75436
75454
75916
75573
75036
74726
75491
75522
75422
75132
75361
75349
75086
75313
75643
75420
75751
75338
75333
75621
75416
75645
75749
75931
75538
75441
75523
75694
75260
75867
75152
75635
75555
75649
75405
75334
75460
75792
76064
75842
75596
75826
75771
75470
75458
75176
76048
75932
75941
72672
76120
76105
74965
75158
75238
75566
75562
75559
75481
75563
75525
75526
75442
75300
75624
75623
75574
75278
75241
75264
75548
75186
75183
75810
76124
75637
66265
75400
74586
75373
75814
75372
76059
75920
75652
75657
75817
75918
75517
75615
74677
75188
75302
75779
75597
75595
75904
75661
75933
75402
75669
75701
75670
75674
75686
76110
76144
75644
75642
75609
75673
75742
76094
75360
75667
75335
75375
75409
75659
75697
76086
75708
75655
75700
75696
75684
75866
75516
75412
75875
73363
75819
75759
75704
75877
75876
76230
76344
76388
76385
74331
75908
75969
75510
75048
75353
75774
75971
75650
75802
75679
75972
75762
75477
74680
75399
75502
75401
75852
75734
75905
75895
75910
76291
75883
75766
76181
76173
76357
75811
75632
75907
76305
72379
72182
76378
76379
76195
76299
75798
75799
76325
75909
76324
76093
76437
76112
75712
75337
75977
75703
75654
75835
75756
75816
75979
75980
75978
75930
75843
76334
75753
75791
75981
75894
75744
76051
75938
76156
76154
76452
72656
75926
75976
75915
76516
76518
76462
75666
76179
76403
76151
76153
76141
75959
76140
76107
75859
76392
76337
75858
76519
76606
76495
75261
75784
75780
75134
75604
75546
75589
76405
76190
76185
76168
76050
76067
76245
75825
76315
75831
76099
76087
76098
75929
76049
75962
76018
76418
76346
75656
75687
76198
75964
76079
76146
76215
76075
76280
76214
76655
75565
75946
76040
76422
76095
75874
75928
76352
76013
76667
75868
75718
73100
75725
75761
74074
76135
76232
75813
75619
76415
76413
76134
76347
76122
76354
76349
74591
76297
76470
76412
76312
76561
75709
75846
75965
76149
76061
76310
76171
75860
74761
76160
75569
74765
76091
76070
76302
76178
76077
76749
76771
76196
76130
76730
76710
76794
76420
76402
76477
76489
76490
76587
76591
76213
76301
76393
76476
76641
76738
76719
76409
76421
75841
76150
76199
75479
75903
76398
75897
73227
76397
76000
76317
76303
75713
76464
76240
76874
76283
75887
75893
75953
76222
76399
76343
75754
75763
76274
76216
76527
76096
76016
76015
76330
76138
76368
76369
76504
76621
76526
76722
76502
76306
76895
74058
75731
75723
75721
75957
75955
74592
74594
74595
76907
76825
76457
76241
76728
76726
76446
76610
75925
76682
76239
76460
76454
76237
76236
76384
76483
76484
76251
76246
76481
76060
76486
76238
76593
76482
76511
76642
76705
76423
76604
76702
76903
76966
77015
76876
77075
76994
76926
76657
76656
76584
76885
75518
76118
76114
76862
76680
76693
76679
76852
76684
76568
76493
76761
76389
76649
76426
76718
76747
76331
76549
76576
76506
76701
75809
76529
76530
76408
76298
76435
76333
76332
76607
75838
76499
76575
76163
76277
76372
76638
70599
76424
76818
76812
77047
77086
76709
75627
75733
76790
77073
76815
76763
76942
77179
77134
76962
76943
76953
76650
76569
76899
76553
76547
76739
77043
76823
76376
76696
76695
76585
77034
77018
75342
77021
76623
76505
76628
76873
77235
76879
76496
76923
76871
76221
76627
76995
76564
77025
76916
76769
76534
76523
76524
77052
77041
77326
77076
77117
77079
77196
77137
76869
77223
76887
77227
77350
77066
76309
75888
76975
76952
76974
77150
76991
77042
76542
73148
76921
76969
76985
76955
77067
76990
76533
76987
76950
76951
77180
77218
76963
77132
76929
75630
76658
77217
76551
77104
77094
76637
76765
77224
76491
77168
76494
76570
77131
77203
77053
77116
77169
76977
76949
77016
76743
76978
77210
77211
76429
77537
77538
77010
77039
76201
64195
76934
76603
77160
76993
77107
77154
77114
77183
77316
77260
77157
77023
76868
77080
77070
77002
76965
76924
76767
77409
77077
76543
77383
76957
77050
77278
77237
76989
77291
77298
76886
77290
77202
76536
76932
77012
77011
76755
76780
77057
77242
77375
77548
76798
77121
76791
77275
76919
77255
77206
77266
77159
77444
77445
77575
76930
76861
76734
77647
76781
77670
76849
77133
77675
77411
76827
77560
77576
77321
77425
76891
76909
76785
77363
77198
76901
76834
77486
77017
77439
74562
77249
77613
77464
77185
77600
77521
77456
77208
77509
77473
77438
77687
77836
77772
77281
74561
77512
77522
77793
76474
77081
77082
77243
77244
77189
77757
77807
77882
77519
76863
77317
77175
76867
76833
77238
76870
77252
77186
77225
77430
76793
77038
77037
77435
77324
77431
77490
77271
76746
77458
77465
77434
77205
77392
77071
77158
77156
77776
77461
77542
77055
77952
77951
77894
77877
77450
77369
77214
77467
77231
77207
76831
77938
77318
76724
77265
77177
77123
76832
77646
77842
77471
77469
77474
77477
78003
78005
77492
77046
77466
77825
77594
77561
77624
77426
77346
77787
77823
77555
77276
77285
77782
77808
76558
77820
77513
77408
77884
77505
77479
77182
77135
77480
76651
76636
76846
77559
77303
77940
77531
77510
77874
77457
76998
76847
77857
77007
77588
77770
77334
77587
77883
77440
77660
77418
78113
78105
78083
78097
77760
77762
77901
77902
77574
77171
77568
77246
77494
77495
77254
77349
77922
77308
77333
77358
77335
77489
77487
78085
77516
77514
77627
77286
77362
77586
77503
77702
77703
77618
77625
77629
77628
77330
77977
78214
78195
