71465
72657
72187
71331
73172
74081
75378
75097
75046
76367
76362
77609
75966
82852
72655
80318
80999
76112
79564
80318
80144
81230
73443
73444
78548
75711
58404
76418
82142
76491
77819
74527
74889
75424
75663
77720
81208
77720
82663
82876
77720
72587
72646
72765
72932
72948
73020
73440
74230
74250
74270
74394
74400
74692
76011
76037
76760
77319
77656
77997
78262
78563
78961
79122
79268
79356
79503
79924
80401
59900
64903
72768
74006
79082
79082
79082
79082
82661
79082
79082
79082
79082
79082
79082
79082
79082
79082
79082
79082
79082
80046
80318
80883
81230
81490
81705
81718
81949
82012
82372
82506
71972
73023
73077
76036
76448
76594
76745
76881
77221
77597
77719
78108
78175
78248
78401
78898
80575
80892
81444
81742
79048
82142
76580
79082
76814
